Parcours_Utilisateur	Parents	Nom	Min	Moy	Max	Nombre	Errreurs	Taux_d_erreurs	Elt/s	EcartType	Moy-90%	Perc50	Perc95	Perc99
/	/	[all transactions]	0.004	1.5373767829056704	41.55	1707718	1234	0.0722601741036869	474.36611111111114	4.21946009708005	0.7859030950590395	0.149	13.2005	20.876
SC04_PRO_PaiementFactureTvaAbonné	Actions	PM04_000_Duree_Transaction	12.14	13.476692591133215	28.577	94258	357	0.3787476925035541	26.182777777777776	1.1071932612683026	13.309682818601349	13.2005	15.782	18.618
SC04_PRO_PaiementFactureTvaAbonné	PM04_000_Duree_Transaction	PM04_000a_CfsPro	0.017	0.040329713857171524	2.029	94673	0	0.0	26.298055555555557	0.11289421290835194	0.026302513907471306	0.026	0.035	1.0235
SC04_PRO_PaiementFactureTvaAbonné	PM04_000_Duree_Transaction	PM04_000b_Connexion	0.426	0.5584042246810313	15.52	94654	209	0.22080419211021196	26.29277777777778	0.31926375903688864	0.5152625647058824	0.513	0.585	1.904
SC04_PRO_PaiementFactureTvaAbonné	PM04_000_Duree_Transaction	PM04_001a_AffichageChoixOcfi	0.063	0.0879314470869777	0.614	94438	0	0.0	26.232777777777777	0.017016742788304718	0.08582935466792165	0.086	0.103	0.15
SC04_PRO_PaiementFactureTvaAbonné	PM04_000_Duree_Transaction	PM04_001b_AffichageFactureTva	0.729	1.3295240097882393	7.367	94399	0	0.0	26.221944444444443	0.38060373364544237	1.286077607109228	1.2515	1.883	2.999
SC04_PRO_PaiementFactureTvaAbonné	PM04_000_Duree_Transaction	PM04_002_AffichageMontantFacture	0.191	0.398288029184695	6.219	94324	28	0.029684915822060134	26.20111111111111	0.2903905780850588	0.3560026747734691	0.328	0.785	1.562
SC04_PRO_PaiementFactureTvaAbonné	PM04_000_Duree_Transaction	PM04_003_RécapitulatifDuPaiement	0.198	0.41938440212022393	6.424	94220	79	0.08384631713012099	26.17222222222222	0.298407436433554	0.3758705238061516	0.347	0.816	1.646
SC04_PRO_PaiementFactureTvaAbonné	PM04_000_Duree_Transaction	PM04_004_Récapitulatif_du_paiement	0.011	0.054306705495977124	5.032	94087	0	0.0	26.135277777777777	0.20225351053977814	0.03184853208625617	0.029	0.088	0.429
SC04_PRO_PaiementFactureTvaAbonné	PM04_000_Duree_Transaction	PM04_005_ConfirmationPaiement	0.242	0.4701086415287058	6.743	94008	20	0.02127478512467024	26.113333333333333	0.3165067445737051	0.424074465947109	0.395	0.872	1.802
SC04_PRO_PaiementFactureTvaAbonné	PM04_000_Duree_Transaction	PM04_006_téléchargement_PDF	0.048	0.11515931672719142	3.55	93922	21	0.02235897872702881	26.089444444444446	0.18208835086182829	0.09272594959176429	0.087	0.215	0.548
SC05_PRO_PaiementImpôtSurRôleAccèsGrandPublic	Actions	PM05_000_DuréeTransation	14.966	15.68738886387513	20.506	6667	4	0.0599970001499925	1.8519444444444444	0.3891450770721133	15.651580637091394	15.627	16.3185	17.2765
SC05_PRO_PaiementImpôtSurRôleAccèsGrandPublic	PM05_000_DuréeTransation	PM05_000b_CfsPart	0.07	0.10063324380781856	1.596	6702	0	0.0	1.8616666666666666	0.06943804375915473	0.09586320676504725	0.095	0.114	0.128
SC05_PRO_PaiementImpôtSurRôleAccèsGrandPublic	PM05_000_DuréeTransation	PM05_001_AffichageAccueilGp	0.063	0.11898925052254404	2.479	6698	0	0.0	1.8605555555555555	0.09873060953583776	0.10477740918892021	0.098	0.221	0.516
SC05_PRO_PaiementImpôtSurRôleAccèsGrandPublic	PM05_000_DuréeTransation	PM05_002_AffichagePageMenu	0.289	0.5281316497310221	1.929	6692	0	0.0	1.8588888888888888	0.14346168529667527	0.5111643699153245	0.497	0.845	1.0495
SC05_PRO_PaiementImpôtSurRôleAccèsGrandPublic	PM05_000_DuréeTransation	PM05_003_SaisieNuméroAvis	0.045	0.09830880813518768	1.621	6687	0	0.0	1.8575	0.0831232238308234	0.08513991359255567	0.079	0.194	0.465
SC05_PRO_PaiementImpôtSurRôleAccèsGrandPublic	PM05_000_DuréeTransation	PM05_004_affichage_données paiement	0.13	0.2447752321054208	2.676	6682	4	0.059862316671655195	1.856111111111111	0.12401526974934438	0.2269352853102645	0.217	0.435	0.69
SC05_PRO_PaiementImpôtSurRôleAccèsGrandPublic	PM05_000_DuréeTransation	PM05_005_affichage_validation	0.079	0.16681489808153477	1.345	6672	0	0.0	1.8533333333333333	0.09281341117727178	0.15262597835137384	0.147	0.279	0.571
SC05_PRO_PaiementImpôtSurRôleAccèsGrandPublic	PM05_000_DuréeTransation	PM05_006_affichage_confirmation	0.115	0.2390241451709658	1.671	6668	0	0.0	1.8522222222222222	0.10156936660383172	0.22507782036327278	0.219	0.359	0.67
SC05_PRO_PaiementImpôtSurRôleAccèsGrandPublic	PM05_000_DuréeTransation	PM05_007_page_menu	0.097	0.1884888188503677	2.291	6663	0	0.0	1.8508333333333333	0.09890579429067577	0.1742393262174783	0.166	0.342	0.573
SC07_PART_AdhésionAuPrélèvementMensuelAccèsGrandPublic	Actions	PM07_000_DuréeTransaction	20.513	20.937112664473684	23.319	3648	0	0.0	1.0133333333333334	0.24505728164817858	20.91555482790131	20.876	21.3345	21.803
SC07_PART_AdhésionAuPrélèvementMensuelAccèsGrandPublic	PM07_000_DuréeTransaction	PM07_001_AffichageAccueilGp	0.058	0.10781590413943355	2.372	3672	0	0.0	1.02	0.09352068445024532	0.0948232980332829	0.088	0.205	0.46
SC07_PART_AdhésionAuPrélèvementMensuelAccèsGrandPublic	PM07_000_DuréeTransaction	PM07_002_AffichagePageMenu	0.046	0.09749700435729848	1.543	3672	0	0.0	1.02	0.06837281771663468	0.08633948562783661	0.083	0.16	0.451
SC07_PART_AdhésionAuPrélèvementMensuelAccèsGrandPublic	PM07_000_DuréeTransaction	PM07_003_SaisieRéférenceAvis	0.021	0.042457072771872446	0.742	3669	0	0.0	1.0191666666666668	0.04171646547927217	0.0361129618413083	0.035	0.059	0.295
SC07_PART_AdhésionAuPrélèvementMensuelAccèsGrandPublic	PM07_000_DuréeTransaction	PM07_004_AffichageModalitéPrélèvement	0.035	0.07460671397379913	1.116	3664	0	0.0	1.0177777777777777	0.058386499669914785	0.06549287230815894	0.063	0.107	0.384
SC07_PART_AdhésionAuPrélèvementMensuelAccèsGrandPublic	PM07_000_DuréeTransaction	PM07_006_AffichageEchéancier	0.064	0.1301	2.209	3660	0	0.0	1.0166666666666666	0.07433314008301727	0.11964704097116843	0.117	0.191	0.49
SC07_PART_AdhésionAuPrélèvementMensuelAccèsGrandPublic	PM07_000_DuréeTransaction	PM07_007_PageCoordonnéesBancaires	0.034	0.08089480874316939	1.143	3660	0	0.0	1.0166666666666666	0.05817601060803991	0.07210288315629743	0.07	0.115	0.403
SC07_PART_AdhésionAuPrélèvementMensuelAccèsGrandPublic	PM07_000_DuréeTransaction	PM07_008_AffichageAdresseElectronique	0.036	0.08221420765027322	1.153	3660	0	0.0	1.0166666666666666	0.059498785949967034	0.07298361153262518	0.071	0.121	0.408
SC07_PART_AdhésionAuPrélèvementMensuelAccèsGrandPublic	PM07_000_DuréeTransaction	PM07_009_PageRecapitulatif	0.031	0.06943009575923392	1.086	3655	0	0.0	1.0152777777777777	0.05409192030953751	0.060951367781155015	0.059	0.099	0.363
SC07_PART_AdhésionAuPrélèvementMensuelAccèsGrandPublic	PM07_000_DuréeTransaction	PM07_010_PageConfirmation	0.066	0.1416945205479452	1.215	3650	0	0.0	1.0138888888888888	0.0758171668647735	0.12973120243531203	0.127	0.22	0.523
SC07_PART_AdhésionAuPrélèvementMensuelAccèsGrandPublic	PM07_000_DuréeTransaction	PM07_011_PageFermeture	0.054	0.10680345394736843	0.704	3648	0	0.0	1.0133333333333334	0.06148336826050643	0.09651781906792567	0.092	0.164	0.452
SC08_PART_PaiementImpôtSurRôleAccèsEspaceParticulier	Actions	PM08_000_DuréeTransaction	20.463	24.313202515647568	41.55	16708	92	0.5506344266219775	4.641111111111111	2.4418041094338454	24.360369241056503	25.894	26.568	27.2615
SC08_PART_PaiementImpôtSurRôleAccèsEspaceParticulier	PM08_000_DuréeTransaction	PM08_000a_CfsPart	0.071	0.10005504696231127	2.085	16822	0	0.0	4.672777777777778	0.06683841106432689	0.09559634057731686	0.095	0.114	0.125
SC08_PART_PaiementImpôtSurRôleAccèsEspaceParticulier	PM08_000_DuréeTransaction	PM08_000b_Spi	0.228	0.2725154381581296	1.84	16809	0	0.0	4.6691666666666665	0.06293437184940788	0.2686454918032787	0.269	0.295	0.312
SC08_PART_PaiementImpôtSurRôleAccèsEspaceParticulier	PM08_000_DuréeTransaction	PM08_000c_Connexion	0.397	0.5505241215008935	1.667	16795	5	0.029770765108663295	4.665277777777778	0.06688922273190828	0.5466164383561644	0.545	0.607	0.643
SC08_PART_PaiementImpôtSurRôleAccèsEspaceParticulier	PM08_000_DuréeTransaction	PM08_000d_DoubleAuthentification	0.517	3.9473830461832975	21.291	16775	59	0.35171385991058124	4.659722222222222	2.411062882406996	4.011803057494184	5.683	5.848	6.0615
SC08_PART_PaiementImpôtSurRôleAccèsEspaceParticulier	PM08_000_DuréeTransaction	PM08_001_PayerEnLigne	0.252	0.3712047564847541	1.899	16704	11	0.06585249042145594	4.64	0.11767029532288305	0.35312000798722043	0.341	0.615	0.846
SC08_PART_PaiementImpôtSurRôleAccèsEspaceParticulier	PM08_000_DuréeTransaction	PM08_002_AffichageEcranSaisie	0.139	0.27283867098476666	2.424	16679	5	0.02997781641585227	4.633055555555556	0.11496449133093223	0.2566110481775171	0.244	0.495	0.714
SC08_PART_PaiementImpôtSurRôleAccèsEspaceParticulier	PM08_000_DuréeTransaction	PM08_003_SaisieCb	0.07	0.13808351344860711	1.97	16662	6	0.036010082823190494	4.628333333333333	0.08433056391793811	0.12500893869655127	0.117	0.246	0.517
SC08_PART_PaiementImpôtSurRôleAccèsEspaceParticulier	PM08_000_DuréeTransaction	PM08_004_AffichageEcranSaisieAvecCb	0.104	0.20177899290950607	1.457	16646	4	0.024029796948215786	4.623888888888889	0.08850830033112317	0.18868384856780399	0.182	0.324	0.602
SC08_PART_PaiementImpôtSurRôleAccèsEspaceParticulier	PM08_000_DuréeTransaction	PM08_005_AffichageEcranValidation	0.095	0.1940203247143716	1.788	16630	0	0.0	4.6194444444444445	0.09121758052176612	0.1804370949422062	0.173	0.328	0.596
SC08_PART_PaiementImpôtSurRôleAccèsEspaceParticulier	PM08_000_DuréeTransaction	PM08_006_AffichageEcranRécapitulatif	0.121	0.24773561627347135	1.676	16618	2	0.012035142616440005	4.6161111111111115	0.08862255085853649	0.23582748244734203	0.229	0.376	0.649
SC10_OS_ConsultationEtatFacture	Actions	PM10_000_DuréeTransaction	0.004	0.013060556621880999	1.058	10420	0	0.0	2.8944444444444444	0.02023362824600961	0.011254717986992218	0.01	0.03	0.059
SC10_OS_ConsultationEtatFacture	PM10_000_DuréeTransaction	PM10_001_recupererFacturesParNumeroFacture	0.004	0.013060556621880999	1.058	10420	0	0.0	2.8944444444444444	0.02023362824600961	0.011254717986992218	0.01	0.03	0.059
SC11_OS_EnvoiPaiementsEdi	Actions	PM11_000_DuréeTransaction	0.005	0.026270744578775665	1.331	104220	0	0.0	28.95	0.025153356847578558	0.02434705060821544	0.023	0.044	0.074
SC11_OS_EnvoiPaiementsEdi	PM11_000_DuréeTransaction	PM11_001_enregistrerPaiementsTVAEDI	0.005	0.026270744578775665	1.331	104220	0	0.0	28.95	0.025153356847578558	0.02434705060821544	0.023	0.044	0.074
SC12_API recupererListeFacturesPayeesAuth	Actions	PM12_000_Duree_Transaction	0.064	0.0755408377486754	1.16	10003	0	0.0	2.778611111111111	0.023810945267986647	0.07361575205509886	0.072	0.094	0.123
SC12_API recupererListeFacturesPayeesAuth	PM12_000_Duree_Transaction	PM12_001	0.064	0.0755408377486754	1.16	10003	0	0.0	2.778611111111111	0.023810945267986647	0.07361575205509886	0.072	0.094	0.123
SC13_API recupererListeFacturesAPayeesAuth	Actions	PM13_000_Duree_transaction	0.065	0.08675155950095968	1.155	16674	2	0.011994722322178242	4.631666666666667	0.02799575199358061	0.08475101632789071	0.083	0.113	0.138
SC13_API recupererListeFacturesAPayeesAuth	PM13_000_Duree_transaction	PM13_001	0.065	0.08675155950095968	1.155	16674	2	0.011994722322178242	4.631666666666667	0.02799575199358061	0.08475101632789071	0.083	0.113	0.138
SC14_API recupererNombreFacturesAPayerAuth	Actions	PM14_000_Duree_Transaction	0.064	0.07833541412380121	1.169	28678	3	0.01046098054257619	7.966111111111111	0.024319047900310843	0.07642246590204588	0.075	0.096	0.126
SC14_API recupererNombreFacturesAPayerAuth	PM14_000_Duree_Transaction	PM14_001	0.064	0.07833541412380121	1.169	28678	3	0.01046098054257619	7.966111111111111	0.024319047900310843	0.07642246590204588	0.075	0.096	0.126
SC15_API enregistrerPaiementFactureAuth	Actions	PM15_000_Duree_Transaction	0.064	0.07489052189562088	1.1	3334	0	0.0	0.9261111111111111	0.020423730490739443	0.07309396867710763	0.072	0.093	0.122
SC15_API enregistrerPaiementFactureAuth	PM15_000_Duree_Transaction	PM15_001	0.064	0.07489052189562088	1.1	3334	0	0.0	0.9261111111111111	0.020423730490739443	0.07309396867710763	0.072	0.093	0.122
SC16_API  recupererFacture	Actions	PM16_000_Duree_Transaction	0.014	0.025140981489453294	1.088	4668	22	0.4712939160239932	1.2966666666666666	0.024755308175365094	0.02304018177469505	0.022	0.043	0.073
SC16_API  recupererFacture	PM16_000_Duree_Transaction	PM16_001	0.014	0.025140981489453294	1.088	4668	22	0.4712939160239932	1.2966666666666666	0.024755308175365094	0.02304018177469505	0.022	0.043	0.073
SC17_API enregistrerPaiementFacture	Actions	PM17_000_Duree_Transaction	0.022	0.03893810975609756	1.097	3334	54	1.6196760647870425	0.9261111111111111	0.029631348123742275	0.036605824585167625	0.035	0.056	0.087
SC17_API enregistrerPaiementFacture	PM17_000_Duree_Transaction	PM17_001	0.022	0.03893810975609756	1.097	3334	54	1.6196760647870425	0.9261111111111111	0.029631348123742275	0.036605824585167625	0.035	0.056	0.087
SC18_API contexteAdhesionPrelevementMensuel	Actions	PM18_000_Duree_Transaction	0.013	0.02445808383233533	1.074	334	0	0.0	0.09277777777777778	0.05827318959996183	0.019996677740863788	0.019	0.039	0.068
SC18_API contexteAdhesionPrelevementMensuel	PM18_000_Duree_Transaction	PM18_001	0.013	0.02445808383233533	1.074	334	0	0.0	0.09277777777777778	0.05827318959996183	0.019996677740863788	0.019	0.039	0.068
SC19_API  adhesionPrelevementMensuel	Actions	PM19_000_Duree_Transaction	0.013	0.022789473684210526	0.064	209	0	0.0	0.058055555555555555	0.009691574662210389	0.021345744680851063	0.019	0.047	0.059
SC19_API  adhesionPrelevementMensuel	PM19_000_Duree_Transaction	PM19_001	0.013	0.022789473684210526	0.064	209	0	0.0	0.058055555555555555	0.009691574662210389	0.021345744680851063	0.019	0.047	0.059
SC20_API contexteAdhesionPrelevementAEcheance	Actions	PM20_000_Duree_Transaction	0.014	0.0224	0.097	125	0	0.0	0.034722222222222224	0.010566990599152656	0.020714285714285716	0.02	0.033	0.061
SC20_API contexteAdhesionPrelevementAEcheance	PM20_000_Duree_Transaction	PM20_001	0.014	0.0224	0.097	125	0	0.0	0.034722222222222224	0.010566990599152656	0.020714285714285716	0.02	0.033	0.061
SC21_API adhesionPrelevementAEcheance	Actions	PM21_000_Duree_Transaction	0.013	0.02338095238095238	0.097	42	0	0.0	0.011666666666666667	0.014057291105230386	0.02072972972972973	0.019	0.037	0.097
SC21_API adhesionPrelevementAEcheance	PM21_000_Duree_Transaction	PM21_001	0.013	0.02338095238095238	0.097	42	0	0.0	0.011666666666666667	0.014057291105230386	0.02072972972972973	0.019	0.037	0.097
SC22_API contexteModificationCoordonneesBancaires	Actions	PM22_000_Duree_Transaction	0.014	0.022857142857142857	0.097	63	0	0.0	0.0175	0.012166661406054874	0.020660714285714286	0.02	0.034	0.097
SC22_API contexteModificationCoordonneesBancaires	PM22_000_Duree_Transaction	PM22_001	0.014	0.022857142857142857	0.097	63	0	0.0	0.0175	0.012166661406054874	0.020660714285714286	0.02	0.034	0.097
SC23_API modificationCoordonneesBancaires	Actions	PM23_000_Duree_Transaction	0.025	0.03431818181818182	0.113	22	0	0.0	0.006111111111111111	0.01814855723935459	0.030210526315789472	0.029	0.043	0.113
SC23_API modificationCoordonneesBancaires	PM23_000_Duree_Transaction	PM23_001	0.025	0.03431818181818182	0.113	22	0	0.0	0.006111111111111111	0.01814855723935459	0.030210526315789472	0.029	0.043	0.113
SC24_API facturesEligiblesAdhesionAuth	Actions	PM24_000_Duree_Transaction	0.065	0.0818225710900474	1.187	3376	0	0.0	0.9377777777777778	0.046402123898015665	0.0783395853899309	0.077	0.101	0.132
SC24_API facturesEligiblesAdhesionAuth	PM24_000_Duree_Transaction	PM24_001	0.065	0.0818225710900474	1.187	3376	0	0.0	0.9377777777777778	0.046402123898015665	0.0783395853899309	0.077	0.101	0.132
SC25_OS_CI	Actions	PM25_000_DuréeTransaction	0.014	0.025716583597643863	1.062	4414	0	0.0	1.2261111111111112	0.01901042930935766	0.023949156808457085	0.022	0.042	0.073
SC25_OS_CI	PM25_000_DuréeTransaction	PM25_001	0.014	0.025716583597643863	1.062	4414	0	0.0	1.2261111111111112	0.01901042930935766	0.023949156808457085	0.022	0.042	0.073
SC27_Visualisation_avis_imposition_accès_espace_personnel_bruit	Actions	PM27_000_DuréeTransaction	9.705	13.265661011869081	18.612	16765	83	0.49507903370116313	4.656944444444444	2.415217179538704	13.318586191966963	14.936	15.2935	15.999
SC27_Visualisation_avis_imposition_accès_espace_personnel_bruit	PM27_000_DuréeTransaction	PM27_000a_CfsPart	0.067	0.09823515072239729	1.656	16819	0	0.0	4.671944444444445	0.04929912682685409	0.0957331880036993	0.095	0.114	0.124
SC27_Visualisation_avis_imposition_accès_espace_personnel_bruit	PM27_000_DuréeTransaction	PM27_000b_Spi	0.228	0.27001831371149954	1.359	16818	0	0.0	4.671666666666667	0.03797226195391078	0.2685927198255929	0.269	0.294	0.306
SC27_Visualisation_avis_imposition_accès_espace_personnel_bruit	PM27_000_DuréeTransaction	PM27_000c_Connexion	0.411	0.5469127456819536	2.167	16801	11	0.06547229331587405	4.666944444444445	0.08430623886328334	0.5406151148170207	0.539	0.602	0.645
SC27_Visualisation_avis_imposition_accès_espace_personnel_bruit	PM27_000_DuréeTransaction	PM27_000d_DoubleAuthentification	0.517	3.9396419893470584	8.97	16772	63	0.3756260434056761	4.658888888888889	2.411530746043311	4.003133594892938	5.683	5.848	6.622
SC27_Visualisation_avis_imposition_accès_espace_personnel_bruit	PM27_000_DuréeTransaction	PM27_003_PayerEnLigne	0.268	0.40539635535307517	2.072	16691	9	0.05392127493858966	4.636388888888889	0.13611517241549942	0.3855619796176647	0.371	0.682	0.948